3.90000009537
3.70000004768
3.40000009537
3.0
2.5
1.89999997616
1.20000004768
0.994365215302
0.99446952343
0.994556546211
0.994629383087
0.994690179825
0.994741022587
0.994741022587
0.994741022587
0.994741022587
0.994741022587
0.994741022587
0.994741022587
0.994741022587
0.994741022587
0.994741022587
0.994741022587
0.994741022587
0.994741022587
0.994741022587
0.994741022587
0.994741022587
0.994741022587
0.994741022587
0.994741022587
0.994741022587
0.994741022587
0.994741022587
0.994741022587
0.994741022587
0.994741022587
0.994741022587
0.994741022587
0.994741022587
0.994741022587
0.994741022587
0.994741022587
0.994741022587
0.994741022587
0.994741022587
0.994741022587
0.994741022587
0.994741022587
0.994741022587
