39.9000015259
39.7000007629
39.4000015259
39.0
38.5
37.9000015259
37.2000007629
36.4000015259
35.5
34.5
33.4000015259
32.2000007629
30.9000015259
29.5000019073
28.0000019073
26.4000015259
24.7000007629
22.9000015259
21.0000019073
19.0000019073
16.9000015259
14.7000017166
12.4000015259
10.0000019073
7.50000190735
4.90000152588
2.2000014782
0.994365274906
0.99446952343
0.994556546211
0.994629383087
0.994690179825
0.994741022587
0.994741022587
0.994741022587
0.994741022587
0.994741022587
0.994741022587
0.994741022587
0.994741022587
0.994741022587
0.994741022587
0.994741022587
0.994741022587
0.994741022587
0.994741022587
0.994741022587
0.994741022587
0.994741022587
0.994741022587
